1974	248667
1975	184712
1976	163281
1977	208523
1978	190146
1979	215549
1980	253269
1981	250660
1982	254119
1983	188870
1984	217449
1985	215935
1986	231542
1987	240362
1988	246668
1989	236190
1990	236206
1991	234371
1992	222128
1993	179347
1994	191028
1995	197991
1996	198563
1997	196449
1998	204075
1999	207130
2000	243918
2001	239872
2002	226486
2003	209125
2004	258387
2005	246822
2006	280480
2007	264969
2008	263913
2009	255304
2010	261755
2011	258201
2012	231063
2013	223213
2014	234164
2015	175000
